lu                 1.9
pilou                 1.9
test                 1.5
erwan                 8.9
                 4.5
                 28.1
                 71.7
                 86.5
                 73.9
                 50.7
                 19.3
                 108.9
                 22.9
                 28.6
                 26.2
                 46.5
                 17.25
                 45.0
                 32.2
                 37.6
                 56.8
                 461.4
                 21.5
                 128.3
                 15.3
                 60.1
                 44.5
                 455.1
                 141.8
                 203.9
                 21.8
                 26.4
                 48.1
                 57.2
                 416.8
                 342.8
                 37.4
                 18.8
                 266.4
                 82.6
                 8.3
                 18.7
                 45.7
